60.8941 -41.4049
87.224 83.8467


205.108 -65.434
60.8951 -41.4049


11.5083 120.2
-57.5738 240.024


-93.7123 11.2043
37.0078 -105.526


-274.976 104.381
-126.499 86.2642


417.12 -25.4187
239.879 -45.6701


95.4375 -234.912
25.1063 -108.187


17.7299 -177.82
95.4385 -234.912


172.398 -123.35
70.1437 9.13284


92.3081 263.814
96.327 262.461


115.284 -293.006
62.7706 -198.37


89.2077 3.06434
47.5856 136.904


-96.502 -174.958
-66.7504 -133.449


125.932 -97.7838
38.0456 -92.2006


213.032 -298.652
162.854 -208.088


49.9257 -66.5484
-36.3499 -226.403


3.18446 96.8812
49.9266 -66.5487


72.9071 -177.805
51.6201 -361.359


-271.488 -2.36049
-443.454 9.46561


80.6058 100.919
-45.0558 108.281


-36.6538 123.13
-86.0374 93.0562


-152.563 -195.758
5.61709 -114.794


-68.4602 -85.1375
-152.563 -195.757


4.14632 -178.082
-76.0519 -98.4152


-112.849 -233.193
39.1335 -252.183


88.2837 -56.0016
-49.379 -55.5739


-31.6162 49.3245
130.933 -40.8544


239.921 -45.5906
157.416 13.7723


