92.3572 263.794
96.3748 262.438


-150.224 37.2381
92.3572 263.794


-61.6253 -165.338
-150.224 37.2381


-383.513 -206.786
-61.6253 -165.338


-53.9235 -70.7958
-383.513 -206.786


146.837 461.54
-53.9235 -70.7958


-150.07 -422.207
146.837 461.54


-306.235 81.5321
-150.07 -422.207


-45.7784 131.554
-306.235 81.5321


292.786 352.08
-45.7784 131.554


-203.696 49.8024
292.786 352.08


53.2031 -222.086
-203.696 49.8024


-72.2551 389.041
53.2031 -222.086


-34.0667 -168.778
-72.2551 389.041


-374.103 -28.6501
-34.0667 -168.778


302.522 89.7615
-374.103 -28.6501


-193.732 -77.6211
302.522 89.7615


244.919 -36.6992
-193.732 -77.6211


-147.438 -218.598
244.919 -36.6992


254.981 -202.684
-147.438 -218.598


-112.212 -31.3677
254.981 -202.684


62.7282 -198.403
-112.212 -31.3677


115.314 -293.051
62.7282 -198.403


358.319 -0.715306
115.314 -293.051


42.2525 -36.8721
358.319 -0.715306


427.346 119.987
42.2525 -36.8721


47.5479 136.864
427.346 119.987


89.2626 3.06469
47.5479 136.864


-66.6981 -133.429
89.2626 3.06469


-96.4957 -174.902
-66.6981 -133.429


107.66 96.6841
-96.4957 -174.902


38.0056 -92.2411
107.66 96.6841


125.952 -97.7306
38.0056 -92.2411


97.8881 224.592
125.952 -97.7306


-403.055 96.647
97.8881 224.592


406.527 260.192
-403.055 96.647


383.041 -289.515
406.527 260.192


-53.6137 -18.355
383.041 -289.515


162.81 -208.051
-53.6137 -18.355


213.029 -298.594
162.81 -208.051


-380.849 152.551
213.029 -298.594


-173.739 208.357
-380.849 152.551


109.983 325.152
-173.739 208.357


147.512 71.1101
109.983 325.152


-166.381 -29.7342
147.512 71.1101


-439.746 -37.4241
-166.381 -29.7342


-36.3793 -226.352
-439.746 -37.4241


49.8695 -66.5305
-36.3793 -226.352


3.14399 96.9254
49.8695 -66.5305


45.7584 312.956
3.14399 96.9254


222.584 45.6264
45.7584 312.956


51.6349 -361.418
222.584 45.6264


72.8552 -177.837
51.6349 -361.418


-443.412 9.51158
72.8552 -177.837


-271.457 -2.3067
-443.412 9.51158


-44.9943 108.268
-271.457 -2.3067


80.5944 100.857
-44.9943 108.268


-250.727 45.8851
80.5944 100.857


103.662 -251.121
-250.727 45.8851


-97.2059 -94.3059
103.662 -251.121


206.916 181.859
-97.2059 -94.3059


-262.775 -127.803
206.916 181.859


-139.863 79.288
-262.775 -127.803


28.4763 -71.9021
-139.863 79.288


304.569 147.592
28.4763 -71.9021


-439.192 12.579
304.569 147.592


259.383 -290.917
-439.192 12.579


118.993 -129.184
259.383 -290.917


154.793 267.779
118.993 -129.184


204.768 44.981
154.793 267.779


-227.987 -367.149
204.768 44.981


47.4707 -270.217
-227.987 -367.149


-11.3943 340.128
47.4707 -270.217


-397.307 -192.549
-11.3943 340.128


-86.0417 92.9925
-397.307 -192.549


-36.6216 123.186
-86.0417 92.9925


-336.674 -146.71
-36.6216 123.186


-27.7521 -87.9952
-336.674 -146.71


137.13 179.21
-27.7521 -87.9952


331.579 309.393
137.13 179.21


5.55658 -114.818
331.579 309.393


-152.549 -195.821
5.55658 -114.818


-68.4091 -85.0958
-152.549 -195.821


-185.491 -391.459
-68.4091 -85.0958


202.09 -259.211
-185.491 -391.459


-122.746 443.512
202.09 -259.211


66.5572 -407.985
-122.746 443.512


-346.458 -357.6
66.5572 -407.985


-228.004 53.1141
-346.458 -357.6


273.344 411.485
-228.004 53.1141


143.282 60.0774
273.344 411.485


384.354 -153.213
143.282 60.0774


-76.0974 -98.4642
384.354 -153.213


4.08959 -178.046
-76.0974 -98.4642


-50.6044 70.6931
4.08959 -178.046


-267.329 -391.554
-50.6044 70.6931


62.0016 239.174
-267.329 -391.554


-303.593 393.355
62.0016 239.174


39.1247 -252.25
-303.593 393.355


-112.79 -233.227
39.1247 -252.25


123.105 -350.046
-112.79 -233.227


-49.3165 -55.5448
123.105 -350.046


88.3127 -55.9391
-49.3165 -55.5448


-98.0208 -360.646
88.3127 -55.9391


130.863 -40.85
-98.0208 -360.646


-31.6861 49.3208
130.863 -40.85


252.347 -49.1244
-31.6861 49.3208


-41.18 -148.001
252.347 -49.1244


-169.481 -386.815
-41.18 -148.001


72.6615 15.7681
-169.481 -386.815


-159.125 -179.031
72.6615 15.7681


87.2308 83.8481
-159.125 -179.031


60.8871 -41.4049
87.2308 83.8481


205.103 -65.4281
60.8871 -41.4049


241.968 -346.984
205.103 -65.4281


67.3768 -65.1679
241.968 -346.984


-57.5726 240.032
67.3768 -65.1679


11.5153 120.205
-57.5726 240.032


10.2185 -246.803
11.5153 120.205


387.864 -273.549
10.2185 -246.803


37.017 -105.522
387.864 -273.549


-93.7207 11.2096
37.017 -105.522


119.347 2.41975
-93.7207 11.2096


-90.4339 -180.108
119.347 2.41975


-126.5 86.2752
-90.4339 -180.108


-274.987 104.38
-126.5 86.2752


-18.4483 -73.6636
-274.987 104.38


360.939 141.827
-18.4483 -73.6636


-322.83 357.396
360.939 141.827


370.525 -85.5801
-322.83 357.396


100.794 3.6445
370.525 -85.5801


-132.738 18.1128
100.794 3.6445


-387.362 124.855
-132.738 18.1128


24.7328 69.5494
-387.362 124.855


184.694 -364.316
24.7328 69.5494


278.241 -88.3644
184.694 -364.316


-56.2515 -92.6757
278.241 -88.3644


413.19 -4.73892
-56.2515 -92.6757


138.844 -227.456
413.19 -4.73892


323.22 -126.978
138.844 -227.456


157.555 13.7571
323.22 -126.978


239.879 -45.683
157.555 13.7571


417.132 -25.4217
239.879 -45.683


20.3246 -400.094
417.132 -25.4217


25.1026 -108.173
20.3246 -400.094


95.4245 -234.917
25.1026 -108.173


17.7156 -177.824
95.4245 -234.917


-37.1934 303.944
17.7156 -177.824


-269.012 -50.0852
-37.1934 303.944


67.7064 60.2588
-269.012 -50.0852


-3.41071 -163.133
67.7064 60.2588


131.327 3.39752
-3.41071 -163.133


162.596 422.688
131.327 3.39752


70.1302 9.12438
162.596 422.688


172.407 -123.338
70.1302 9.12438


-13.0433 333.253
172.407 -123.338


-240.352 -401.975
-13.0433 333.253


97.8469 -77.9837
-240.352 -401.975


215.216 112.032
97.8469 -77.9837


