-18.115 -73.442
-166.47 -29.34
2.8738 97.220
-3.0515 -163.30
25.062 69.322
72.514 -178.04
-72.077 388.68
-443.14 9.8084
139.24 -227.41
302.18 89.974
66.533 -407.58
157.95 13.734
-36.420 123.53
49.488 -66.409
-66.324 -133.28
387.55 -273.29
72.353 15.512
382.81 -289.84
357.97 -0.51371
88.480 -55.576
95.048 -235.05
-11.341 340.52
5.1838 -114.96
97.456 -78.068
201.6 -259.22
109.82 324.78
-13.374 333.02
-126.50 86.67
-32.085 49.299
-133.13 18.103
413.18 -5.1388
-439.22 12.977
-185.17 -391.70
-111.90 -31.622
-323.13 357.65
361.00 141.43
-336.64 -146.31
46.144 312.85
80.522 100.46
92.728 263.64
-152.45 -196.21
-41.275 -147.61
-48.95 -55.375
37.384 -105.36
-193.44 -77.343
-373.83 -28.945
-33.828 -168.45
-150.49 36.944
143.63 59.88
239.86 -46.082
-36.997 303.59
370.14 -85.448
204.73 45.379
-397.01 -192.82
17.330 -177.9
115.53 -293.38
-94.058 11.423
-140.0 79.655
252.73 -49.228
-149.80 -422.5
60.487 -41.403
222.57 45.226
213.00 -298.19
96.736 262.26
-27.360 -88.07
123.47 -350.20
-90.729 -180.37
-174.04 208.61
87.622 83.928
-97.585 -94.178
-169.18 -387.08
130.46 -40.824
323.16 -126.58
-147.44 -218.99
68.056 60.065
-306.24 81.931
-68.098 -84.843
-267.16 -391.19
427.56 119.65
-54.140 -71.131
-122.4 443.26
304.41 147.96
-346.06 -357.69
146.60 461.86
3.7505 -177.83
-50.999 70.6
162.19 422.68
244.98 -37.093
69.791 8.9117
384.49 -152.83
-250.64 46.277
104.0 -251.31
119.01 2.1962
-262.84 -128.19
-228.07 52.720
97.724 224.22
147.34 71.473
417.52 -25.515
-240.72 -402.12
61.72 239.46
-44.603 108.18
51.731 -361.80
-387.66 124.59
37.724 -92.526
204.83 -65.132
47.179 -269.94
11.830 120.45
100.50 3.3709
24.999 -107.78
259.35 -291.31
39.072 -252.64
-268.61 -50.023
162.50 -207.79
-112.44 -233.42
254.80 -202.32
-86.068 92.593
206.61 181.59
-159.35 -178.70
292.45 351.85
278.53 -88.632
20.263 -399.69
-96.450 -174.50
-303.22 393.50
131.1 3.7652
-271.25 -1.9592
215.55 112.24
-57.517 240.42
89.662 3.0672
154.55 268.10
-56.516 -92.975
-36.57 -226.00
-439.47 -37.127
-402.65 96.644
126.09 -97.356
-203.90 49.461
-45.438 131.76
-53.513 -18.742
47.272 136.57
-383.61 -207.17
242.28 -347.2
-98.292 -360.35
62.413 -198.65
-380. 152.86
52.919 -222.36
-61.998 -165.19
10.501 -246.5
406.36 259.82
-228.37 -367.23
185.02 -364.08
28.679 -71.557
136.74 179.1
-275.38 104.33
172.6 -123.0
42.012 -37.192
331.19 309.51
273.74 411.5
107.74 97.07
-76.369 -98.757
67.373 -64.767
119.08 -128.79
