0 20
10 -46.6839
20 -52.7045
30 -56.2264
40 -58.7251
50 -60.6633
60 -62.247
70 -63.5859
80 -64.7457
90 -65.7688
100 -66.6839
110 -67.5118
120 -68.2676
130 -68.9628
140 -69.6065
150 -70.2058
160 -70.7663
170 -71.2929
180 -71.7894
190 -72.259
200 -72.7045
210 -73.1283
220 -73.5324
230 -73.9185
240 -74.2882
250 -74.6427
260 -74.9834
270 -75.3112
280 -75.6271
290 -75.9319
300 -76.2264
310 -76.5112
320 -76.7869
330 -77.0542
340 -77.3135
350 -77.5653
360 -77.81
370 -78.048
380 -78.2796
390 -78.5052
400 -78.7251
410 -78.9396
420 -79.1489
430 -79.3533
440 -79.553
450 -79.7482
460 -79.9391
470 -80.1259
480 -80.3088
490 -80.4878
500 -80.6633
510 -80.8353
520 -81.004
530 -81.1694
540 -81.3318
550 -81.4912
560 -81.6477
570 -81.8014
580 -81.9525
590 -82.101
600 -82.247
610 -82.3905
620 -82.5318
630 -82.6707
640 -82.8075
650 -82.9422
660 -83.0748
670 -83.2054
680 -83.3341
690 -83.4609
700 -83.5859
710 -83.7091
720 -83.8306
730 -83.9504
740 -84.0686
750 -84.1852
760 -84.3002
770 -84.4137
780 -84.5258
790 -84.6365
800 -84.7457
810 -84.8536
820 -84.9602
830 -85.0655
840 -85.1695
850 -85.2723
860 -85.3739
870 -85.4743
880 -85.5736
890 -85.6717
900 -85.7688
910 -85.8648
920 -85.9597
930 -86.0536
940 -86.1465
950 -86.2384
960 -86.3294
970 -86.4194
980 -86.5084
990 -86.5966
1000 -86.6839
1010 -86.7704
1020 -86.8559
1030 -86.9407
1040 -87.0246
1050 -87.1077
1060 -87.19
1070 -87.2716
1080 -87.3524
1090 -87.4325
1100 -87.5118
1110 -87.5904
1120 -87.6683
1130 -87.7455
1140 -87.822
1150 -87.8979
1160 -87.9731
1170 -88.0476
1180 -88.1216
1190 -88.1949
1200 -88.2676
1210 -88.3396
1220 -88.4111
1230 -88.482
1240 -88.5524
1250 -88.6221
1260 -88.6913
1270 -88.76
1280 -88.8281
1290 -88.8957
1300 -88.9628
1310 -89.0294
1320 -89.0954
1330 -89.161
1340 -89.226
1350 -89.2906
1360 -89.3547
1370 -89.4183
1380 -89.4815
1390 -89.5442
1400 -89.6065
1410 -89.6683
1420 -89.7297
1430 -89.7906
1440 -89.8512
1450 -89.9113
1460 -89.971
1470 -90.0303
1480 -90.0892
1490 -90.1477
1500 -90.2058
1510 -90.2635
1520 -90.3208
1530 -90.3778
1540 -90.4343
1550 -90.4906
1560 -90.5464
1570 -90.6019
1580 -90.6571
1590 -90.7119
1600 -90.7663
1610 -90.8204
1620 -90.8742
1630 -90.9277
1640 -90.9808
1650 -91.0336
1660 -91.0861
1670 -91.1383
1680 -91.1901
1690 -91.2417
1700 -91.2929
1710 -91.3439
1720 -91.3945
1730 -91.4448
1740 -91.4949
1750 -91.5447
1760 -91.5942
1770 -91.6434
1780 -91.6923
1790 -91.741
1800 -91.7894
1810 -91.8375
1820 -91.8854
1830 -91.9329
1840 -91.9803
1850 -92.0274
1860 -92.0742
1870 -92.1208
1880 -92.1671
1890 -92.2132
1900 -92.259
1910 -92.3046
1920 -92.35
1930 -92.3951
1940 -92.44
1950 -92.4846
1960 -92.529
1970 -92.5733
1980 -92.6172
1990 -92.661
2000 -92.7045
2010 -92.7478
2020 -92.791
2030 -92.8338
2040 -92.8765
2050 -92.919
2060 -92.9613
2070 -93.0033
2080 -93.0452
2090 -93.0869
2100 -93.1283
2110 -93.1696
2120 -93.2106
2130 -93.2515
2140 -93.2922
2150 -93.3327
2160 -93.373
2170 -93.4131
2180 -93.4531
2190 -93.4928
2200 -93.5324
2210 -93.5718
2220 -93.611
2230 -93.65
2240 -93.6889
2250 -93.7276
2260 -93.7661
2270 -93.8044
2280 -93.8426
2290 -93.8806
2300 -93.9185
2310 -93.9562
2320 -93.9937
2330 -94.031
2340 -94.0682
2350 -94.1053
2360 -94.1422
2370 -94.1789
2380 -94.2155
2390 -94.2519
2400 -94.2882
2410 -94.3243
2420 -94.3602
2430 -94.3961
2440 -94.4317
2450 -94.4672
2460 -94.5026
2470 -94.5379
2480 -94.573
2490 -94.6079
